tree
version=v4
num_class=1
num_tree_per_iteration=1
label_index=0
max_feature_idx=27
objective=lambdarank
feature_names=title_match_score title_exact_match title_term_overlap title_bm25_score category_match price_score sales_volume_norm click_rate cart_rate conversion_rate ctr_7d ctr_30d return_rate review_score_norm title_length query_length query_title_length_ratio price_percentile brand_match time_decayed_ctr time_decayed_conversion click_trend sales_recency_ratio user_category_match user_brand_match user_price_similarity user_has_purchase_history user_activity_level
feature_infos=[0:0.57142857142857151] [0:1] [0:1] [0:21.979853397203193] none [0.40919500000000009:0.99317600000000006] [0.0094000000000000004:1] [0.032599999999999997:0.82479999999999998] [0.0051000000000000004:0.32419999999999999] [0.00059999999999999995:0.21160000000000001] [0.017899999999999999:0.63400000000000001] [0.011599999999999999:0.39279999999999998] [0.0001:0.27810000000000001] [0.59999999999999998:1] [8:15] [2:7] [0.13333333333333333:0.69999999999999996] [0.0050000000000000001:1] none [0.019089434245410403:0.72977336805344251] [0.00058239356674277755:0.20624458217293068] [1.2033972125435539:2] [0.42575916230366495:1.2786196697066798] [0:4] [0:4] [0:0.9999499680748668] none none
tree_sizes=1410 1303 1092 1294 1068 986 986 1094 1193 1305 1180 973 1366 1080

Tree=0
num_leaves=12
num_cat=0
split_feature=0 20 10 7 12 25 6 11 16 22 7
split_gain=12.7327 3.89381 2.52631 1.85363 2.14348 1.40372 2.15022 0.976181 0.688705 0.548233 0.479586
threshold=1.0000000180025095e-35 0.0943956000471666 0.17505000000000001 0.36080000000000007 0.026900000000000004 0.28782294416437165 0.54725000000000013 0.17310000000000003 0.27922077922077926 0.77694326762263011 0.25065000000000009
decision_type=2 2 2 2 2 2 2 2 2 2 2
left_child=1 2 3 4 10 6 7 -4 -7 -6 -1
right_child=-2 -3 5 -5 9 8 -8 -9 -10 -11 -12
leaf_value=-0.085463235856391429 0.092414106885639544 0.052887096646300716 -0.018080980323037739 0.038886482366299081 -0.0097629733151819373 -0.024564764072616121 -0.075687382087521918 0.044371957316548007 -0.077251007569071981 0.029069457033528069 -0.025239449021264015
leaf_weight=0.9318665042519626 3.0756510458886615 1.6575120817869891 1.2270451765507466 1.7830427382141349 2.0102220112457876 1.3194945417344568 0.97453911788761605 1.0074744261801241 3.1160420337691903 1.3899428499862549 1.1471008462831376
leaf_count=25 17 27 22 27 34 28 23 19 45 23 27
internal_value=0.000415504 -0.0168188 -0.0252035 -0.00322297 -0.018274 -0.0451275 -0.0169784 0.00862984 -0.0635673 0.0050597 -0.0572119
internal_weight=19.6399 16.5643 14.9068 7.26217 5.47913 7.6446 3.20906 2.23452 4.43554 3.40016 2.07897
internal_count=317 300 273 136 109 137 64 41 73 57 52
is_linear=0
shrinkage=0.05


Tree=1
num_leaves=11
num_cat=0
split_feature=0 9 13 13 7 12 12 17 15 12
split_gain=44.0388 14.8048 6.01335 5.98733 3.44055 3.41244 1.96367 2.28921 0.966244 0.719773
threshold=1.0000000180025095e-35 0.069700000000000026 0.77000000000000013 0.79000000000000015 0.39415000000000006 0.016450000000000003 0.077700000000000005 0.6625000000000002 3.5000000000000004 0.028450000000000003
decision_type=2 2 2 2 2 2 2 2 2 2
left_child=1 3 -3 4 8 -5 7 -7 9 -1
right_child=-2 2 -4 5 -6 6 -8 -9 -10 -11
leaf_value=-0.072824016698016594 0.076926693523151277 -0.020597666995747974 0.041371442974856593 -0.063907491183560636 -0.014446096403496153 0.028957057546126583 -0.034338748674865457 -0.020372763920872949 -0.08691279921392106 -0.029186943486719793
leaf_weight=2.5757654160261172 15.055263906717299 6.0872429981827763 10.277003049850462 3.2281860224902656 3.3713252246379843 4.9924353770911676 4.3047703430056563 4.1885896921157837 7.4819905459880829 2.6504019610583782
leaf_count=25 17 29 33 22 19 34 28 24 67 19
internal_value=0.00232612 -0.0205297 0.0180311 -0.0399202 -0.0617606 -0.0183692 -0.00671015 0.00593593 -0.0737114 -0.0525961
internal_weight=64.213 49.1577 16.3642 32.7935 16.0795 16.714 13.4858 9.18103 12.7082 5.22617
internal_count=317 300 62 238 130 108 86 58 111 44
is_linear=0
shrinkage=0.05


Tree=2
num_leaves=9
num_cat=0
split_feature=2 13 14 6 22 16 7 10
split_gain=30.2064 11.6438 6.74304 3.02471 2.59087 3.15545 1.71206 0.915309
threshold=1.0000000180025095e-35 0.75000000000000011 13.500000000000002 0.10425000000000002 0.59288598227172351 0.32051282051282054 0.39415000000000006 0.25350000000000006
decision_type=2 2 2 2 2 2 2 2
left_child=1 6 3 -3 -5 -6 7 -1
right_child=-2 2 -4 4 5 -7 -8 -9
leaf_value=-0.077813873428290006 0.066989399436531649 -0.043144038364842319 0.043642644754110116 0.026637133947267539 0.0046630573080020518 -0.04732840717619366 -0.021798756847857769 -0.034959036984885443
leaf_weight=7.6115891914814693 13.280237406492232 6.4241767525672975 6.3200818188488475 5.0480956882238415 7.1082861591130477 4.6656475998461246 3.0033009052276602 2.3654544223099947
leaf_count=77 17 39 32 21 48 39 20 24
internal_value=0.00136482 -0.0191106 -0.00155386 -0.0141902 -0.00264787 -0.0157435 -0.0584011 -0.0685974
internal_weight=55.8269 42.5466 29.5663 23.2462 16.822 11.7739 12.9803 9.97704
internal_count=317 300 179 147 108 87 121 101
is_linear=0
shrinkage=0.05


Tree=3
num_leaves=11
num_cat=0
split_feature=3 10 20 2 13 17 10 24 16 11
split_gain=24.3244 6.26592 8.20001 6.6467 8.90253 4.8747 2.06797 1.65665 1.15883 0.142178
threshold=11.32865731602425 0.19910000000000003 0.077414713525415485 1.0000000180025095e-35 0.75000000000000011 0.87250000000000016 0.31675000000000003 1.0000000180025095e-35 0.30384615384615393 0.13985000000000003
decision_type=2 2 2 2 2 2 2 2 2 2
left_child=1 3 6 4 7 8 9 -1 -6 -3
right_child=-2 2 -4 -5 5 -7 -8 -9 -10 -11
leaf_value=-0.073550120926331397 0.088004005735356272 -0.049173326343176456 0.024442503499086166 0.061534997144114048 0.040513203511772011 -0.036377571215775117 -0.018719856060868269 -0.01491736320026138 0.010914492786024984 -0.076719593407796258
leaf_weight=4.5038788579404416 7.1043831706047049 2.8408831842243689 4.0397235229611388 4.0487459748983374 6.402482338249686 4.1082624495029441 3.1423444226384154 2.0325886607170105 8.2160214446485025 6.0349430311471224
leaf_count=57 8 23 18 8 33 25 30 13 51 51
internal_value=0.0025716 -0.0108603 -0.035883 0.00275329 -0.00667554 0.0106824 -0.0566075 -0.0565705 0.0244048 -0.069106
internal_weight=52.4743 45.3699 16.0579 29.312 25.2632 18.7268 12.0182 6.53647 14.6185 8.87583
internal_count=317 309 122 187 179 109 104 70 84 74
is_linear=0
shrinkage=0.05


Tree=4
num_leaves=9
num_cat=0
split_feature=1 13 9 12 11 7 25 25
split_gain=23.423 10.8568 6.56295 3.53947 3.34798 3.14207 1.65119 1.16738
threshold=1.0000000180025095e-35 0.77000000000000013 0.069700000000000026 0.028700000000000003 0.13065000000000002 0.39415000000000006 0.64356303546072258 0.18987472958935706
decision_type=2 2 2 2 2 2 2 2
left_child=1 5 3 6 -5 -1 -3 -6
right_child=-2 2 -4 4 7 -7 -8 -9
leaf_value=-0.06644772710532558 0.069439515376263819 -0.065716359997231993 0.03999575139826881 0.036151323630674727 0 -0.013372225674486272 -0.011079864420134276 -0.049031825689562186
leaf_weight=9.6413970421999675 10.163894817233084 3.5299805626273182 8.4432120993733388 4.4264933690428716 2.5435014441609383 4.3525180518627158 2.7169973030686378 2.2240402959287167
leaf_count=116 17 32 33 29 21 32 18 19
internal_value=0.00233641 -0.0156732 0.00465279 -0.0144842 0.00480549 -0.0505065 -0.0432901 -0.0234156
internal_weight=48.042 37.8781 23.8842 15.441 9.19404 13.9939 6.24698 4.76754
internal_count=317 300 152 119 69 148 50 40
is_linear=0
shrinkage=0.05


Tree=5
num_leaves=8
num_cat=0
split_feature=0 13 9 12 9 8 9
split_gain=23.6759 10.9146 7.22961 2.4869 1.69051 1.37208 0.902018
threshold=1.0000000180025095e-35 0.77000000000000013 0.069700000000000026 0.030250000000000003 0.022650000000000003 0.16170000000000004 0.026700000000000005
decision_type=2 2 2 2 2 2 2
left_child=1 5 3 6 -5 -1 -3
right_child=-2 2 -4 4 -6 -7 -8
leaf_value=-0.064633631993767718 0.066601200600434438 -0.058903560644775893 0.037288999523563952 -0.02308014452281075 0.019258261916639187 -0.018395993782766126 -0.01959101965282695
leaf_weight=9.6493326146155578 10.813212074339388 3.5023413449525895 9.0262580662965757 4.4156424552202207 4.8154728412628174 2.4296565428376189 3.5695065930485725
leaf_count=122 18 35 38 33 34 18 24
internal_value=0.00169352 -0.0170629 0.00144207 -0.0182064 -0.000488496 -0.055971 -0.0403076
internal_weight=48.2214 37.4082 25.3292 16.303 9.23112 12.079 7.07185
internal_count=322 304 164 126 67 140 59
is_linear=0
shrinkage=0.05


Tree=6
num_leaves=8
num_cat=0
split_feature=0 13 9 10 9 7 8
split_gain=19.5439 10.3172 5.53102 1.78726 1.3206 1.11012 0.920344
threshold=1.0000000180025095e-35 0.77000000000000013 0.069700000000000026 0.11925000000000001 0.015750000000000004 0.27780000000000005 0.16170000000000004
decision_type=2 2 2 2 2 2 2
left_child=1 6 3 -3 -5 -6 -1
right_child=-2 2 -4 4 5 -7 -8
leaf_value=-0.062177723266178667 0.062574873399983341 0.013608187216266433 0.036275123711629914 -0.055844873005337595 0.0044255197493343543 -0.030150227369194722 -0.02180298418746596
leaf_weight=9.0035266950726491 10.263784788548945 3.9442861080169704 8.1801994964480382 2.6001102291047564 3.9483988881111127 4.8097427412867546 2.3378480002284041
leaf_count=122 18 30 38 29 23 44 18
internal_value=0.00218694 -0.0155964 0.00315908 -0.0143396 -0.0245152 -0.0141241 -0.0545554
internal_weight=45.0879 34.8241 23.4827 15.3025 11.3583 8.75814 11.3414
internal_count=322 304 164 126 96 67 140
is_linear=0
shrinkage=0.05


Tree=7
num_leaves=9
num_cat=0
split_feature=0 13 20 12 10 8 8 20
split_gain=16.9885 8.17315 5.11627 1.33317 1.64393 1.44925 1.05317 0.806677
threshold=1.0000000180025095e-35 0.77000000000000013 0.071191874731765345 0.028700000000000003 0.11925000000000001 0.088950000000000015 0.16170000000000004 0.025448370569466566
decision_type=2 2 2 2 2 2 2 2
left_child=1 6 3 7 -5 -6 -1 -3
right_child=-2 2 -4 4 5 -7 -8 -9
leaf_value=-0.059164620886700929 0.059455084604571232 -0.056945184533157923 0.035149592401053469 0.027647200020140508 0.00022573130627500366 -0.048235227245206097 -0.015851700003979133 -0.014823583657338636
leaf_weight=8.4239693321287614 9.8661415576934797 2.3418196439743069 7.632053665816783 2.8349672444164735 3.8028903976082802 2.2845375426113605 2.1947165653109542 3.1301227398216724
leaf_count=122 18 30 38 19 31 22 18 24
internal_value=0.0021989 -0.0150814 0.0021175 -0.0151732 -0.00254856 -0.0176386 -0.0509104 -0.0344461
internal_weight=42.5112 32.6451 22.0264 14.3943 8.9224 6.08743 10.6187 5.47194
internal_count=322 304 164 126 72 53 140 54
is_linear=0
shrinkage=0.05


Tree=8
num_leaves=10
num_cat=0
split_feature=0 7 14 15 19 19 22 9 12
split_gain=15.106 4.70398 3.55197 2.0102 1.19264 1.57124 0.726505 0.446026 0.383096
threshold=1.0000000180025095e-35 0.22940000000000002 13.500000000000002 4.5000000000000009 0.20593580799368053 0.15539961324215093 0.96756932387293182 0.043600000000000007 0.048400000000000006
decision_type=2 2 2 2 2 2 2 2 2
left_child=1 6 3 4 5 -3 8 -6 -1
right_child=-2 2 -4 -5 7 -7 -8 -9 -10
leaf_value=-0.067750886592826062 0.056815522387748257 -0.026110594741493888 0.031204354656886948 0.016104826403457378 -0.055153465619907173 0.01819541479085679 -0.01176906244708416 -0.02189043629972064 -0.030218828821890809
leaf_weight=4.0549100060015943 9.5373665168881399 5.5112007781863266 5.4170112386345854 3.9420552756637326 3.0646643396466962 2.896470345556736 1.4155995436012743 2.8016869612038136 1.8172580841928718
leaf_count=60 18 50 33 32 39 21 19 29 21
internal_value=0.00203359 -0.0148311 -0.00369947 -0.0144657 -0.0233095 -0.0102249 -0.0497137 -0.0407387 -0.0576735
internal_weight=40.4582 30.9209 23.6331 18.2161 14.274 8.40767 7.28777 5.86635 5.87217
internal_count=322 304 204 171 139 71 100 68 81
is_linear=0
shrinkage=0.05


Tree=9
num_leaves=11
num_cat=0
split_feature=0 20 22 11 16 12 5 14 16 17
split_gain=12.8167 4.07937 2.05956 1.74923 1.47438 1.39011 1.05509 0.648554 0.703829 0.382483
threshold=1.0000000180025095e-35 0.037685000346041185 1.0976324619443241 0.098550000000000013 0.24038461538461542 0.022750000000000003 0.72156050000000016 12.500000000000002 0.30384615384615393 0.46750000000000008
decision_type=2 2 2 2 2 2 2 2 2 2
left_child=1 3 4 6 -3 -6 9 -5 -9 -1
right_child=-2 2 -4 7 5 -7 -8 8 -10 -11
leaf_value=-0.007680212654117404 0.053902051346744986 -0.034202255490536161 0.044835168265307243 -0.057915436465771054 -0.015149400330658655 0.026036642098479862 -0.031090884263113613 -0.0014336311324558203 -0.046737263902608454 0.021360377242539433
leaf_weight=2.2232543751597467 9.0676380023360235 2.7388558275997621 2.7116506397724143 5.0961911100894195 3.4620352443307638 4.4941698778420687 3.6158146038651466 1.9092121794819834 1.9338928926736114 1.9007082171738146
leaf_count=27 18 30 18 73 32 32 31 23 24 14
internal_value=0.00201919 -0.0135791 0.00663519 -0.030068 -0.00291256 0.00752886 -0.0115609 -0.0452335 -0.0261061 0.00470951
internal_weight=39.1534 30.0858 13.4067 16.6791 10.6951 7.95621 7.73978 8.9393 3.84311 4.12396
internal_count=322 304 112 192 94 64 72 120 47 41
is_linear=0
shrinkage=0.05


Tree=10
num_leaves=10
num_cat=0
split_feature=2 13 20 22 12 11 21 12 8
split_gain=16.1185 3.90653 2.30357 2.17373 1.66628 1.08572 0.925904 0.896118 0.834002
threshold=1.0000000180025095e-35 0.73000000000000009 0.043121652987406549 0.66690997767433557 0.045250000000000005 0.088600000000000026 1.821994300633617 0.071050000000000016 0.054350000000000002
decision_type=2 2 2 2 2 2 2 2 2
left_child=1 5 4 -4 6 -1 -3 -6 -8
right_child=-2 2 3 -5 7 -7 8 -9 -10
leaf_value=-0.014015483498194757 0.066727161241316627 -0.06598748974282409 -0.0082181891421382013 0.038516627584176136 0.026294332737755478 -0.05952938719119915 -0.042819810137765285 -0.01656637630815409 0
leaf_weight=2.3127323798835304 7.6894541978836051 1.8700576033443228 4.8378498181700689 4.6883350051939487 2.1637084595859051 4.9133108127862215 2.0313198603689671 2.4700430035591125 2.1897302977740765
leaf_count=31 15 23 39 35 20 77 26 27 25
internal_value=0.00310664 -0.0146936 -0.00309334 0.0144242 -0.0191045 -0.0460351 -0.0361404 0.00252367 -0.020539
internal_weight=35.1665 27.4771 20.251 9.52618 10.7249 7.22604 6.09111 4.63375 4.22105
internal_count=318 303 195 74 121 108 74 47 51
is_linear=0
shrinkage=0.05


Tree=11
num_leaves=8
num_cat=0
split_feature=0 13 14 16 24 9 13
split_gain=14.3187 3.82836 2.36213 1.28316 0.968616 0.952109 0.626046
threshold=1.0000000180025095e-35 0.71000000000000008 13.500000000000002 0.40833333333333338 1.0000000180025095e-35 0.09445000000000002 0.95000000000000007
decision_type=2 2 2 2 2 2 2
left_child=1 4 3 5 -1 6 -3
right_child=-2 2 -4 -5 -6 -7 -8
leaf_value=-0.059345453679414552 0.065104899340650987 -0.031030751935013846 0.028281558509159428 0.013037870122911008 -0.0075038983314797431 0.011411775628562704 0
leaf_weight=4.6356164216995266 7.2583133727312079 8.9127529244870001 4.5113804005086413 3.6054025106132022 1.4382458813488481 1.8026571050286282 1.8164395205676545
leaf_count=81 15 107 34 33 16 12 20
internal_value=0.00320933 -0.0135963 -0.00299323 -0.0121648 -0.0482 -0.0198572 -0.0256294
internal_weight=33.9808 26.7225 20.6486 16.1373 6.07386 12.5318 10.7292
internal_count=318 303 206 172 97 139 127
is_linear=0
shrinkage=0.05


Tree=12
num_leaves=12
num_cat=0
split_feature=0 13 9 12 5 7 11 24 22 21 25
split_gain=12.969 3.06165 2.39932 1.96181 1.49448 1.3542 1.03133 0.828792 0.697752 1.17598 0.117242
threshold=1.0000000180025095e-35 0.73000000000000009 0.043600000000000007 0.045250000000000005 0.78954650000000004 0.50560000000000016 0.13065000000000002 1.0000000180025095e-35 0.69034280425257311 1.8926975963898229 0.14285305861835637
decision_type=2 2 2 2 2 2 2 2 2 2 2
left_child=1 7 3 8 5 -4 -5 10 -3 -10 -1
right_child=-2 2 4 6 -6 -7 -8 -9 9 -11 -12
leaf_value=-0.029401916994820948 0.06360658923757162 -0.063066019178236954 0.047580563707337466 0.031794794396886504 -0.014435851418885676 0 -0.013886329955902631 -0.005212761885495582 -0.052586803572840984 0 -0.061074325300515257
leaf_weight=1.4798370376229311 6.9012212306261054 1.9766673818230645 3.7988137044012529 1.9745347723364828 2.5922797918319702 2.5012135095894337 2.8299145922064781 1.4259675238281486 1.7650825101882217 2.3660599645227194 3.341589018702507
leaf_count=25 15 19 33 17 22 19 30 16 25 30 67
internal_value=0.00305292 -0.0129786 -0.00300522 -0.0188482 0.015874 0.0291575 0.00413373 -0.0432615 -0.0375068 -0.022894 -0.0531641
internal_weight=32.9532 26.052 19.8046 10.9123 8.89231 6.30003 4.80445 6.24739 6.10781 4.13114 4.82143
internal_count=318 303 195 121 74 52 47 108 74 55 92
is_linear=0
shrinkage=0.05


Tree=13
num_leaves=9
num_cat=0
split_feature=0 13 20 17 24 6 12 25
split_gain=11.6699 2.6339 3.14682 2.44855 2.17025 1.21419 0.93699 1.41219
threshold=1.0000000180025095e-35 0.87000000000000022 0.0943956000471666 0.71750000000000014 2.7500000000000004 0.30715000000000009 0.029550000000000003 0.14285305861835637
decision_type=2 2 2 2 2 2 2 2
left_child=1 2 4 5 6 -3 -1 -8
right_child=-2 3 -4 -5 -6 -7 7 -9
leaf_value=-0.053072016318713278 0.062361508224747779 0.0059269592002616327 0.031532548335308927 -0.019986374067858189 0.012845855551599823 0.05689801918935497 0.01778463145885513 -0.037385208302274632
leaf_weight=6.848037689924249 6.5795228928327552 2.6281601786613447 2.0810067653655997 3.728507574647665 2.0797954425215712 2.486965361982584 1.3905338719487188 4.129806449636817
leaf_count=107 15 27 15 36 19 22 17 60
internal_value=0.00342546 -0.011846 -0.023669 0.00971025 -0.0321256 0.0322836 -0.0401311 -0.0225295
internal_weight=31.9523 25.3728 16.5292 8.84363 14.4482 5.11513 12.3684 5.52034
internal_count=318 303 218 85 203 49 184 77
is_linear=0
shrinkage=0.05


end of trees

feature_importances:
return_rate=13
review_score_norm=13
title_match_score=10
conversion_rate=10
click_rate=8
time_decayed_conversion=7
ctr_7d=6
ctr_30d=6
query_title_length_ratio=6
sales_recency_ratio=6
cart_rate=5
user_price_similarity=5
title_length=4
price_percentile=4
user_brand_match=4
title_term_overlap=3
sales_volume_norm=3
price_score=2
query_length=2
time_decayed_ctr=2
click_trend=2
title_exact_match=1
title_bm25_score=1

parameters:
[boosting: gbdt]
[objective: lambdarank]
[metric: ndcg]
[tree_learner: serial]
[device_type: cpu]
[data_sample_strategy: bagging]
[data: ]
[valid: ]
[num_iterations: 500]
[learning_rate: 0.05]
[num_leaves: 63]
[num_threads: 0]
[seed: 0]
[deterministic: 0]
[force_col_wise: 0]
[force_row_wise: 0]
[histogram_pool_size: -1]
[max_depth: 6]
[min_data_in_leaf: 20]
[min_sum_hessian_in_leaf: 0.001]
[bagging_fraction: 0.8]
[pos_bagging_fraction: 1]
[neg_bagging_fraction: 1]
[bagging_freq: 5]
[bagging_seed: 3]
[bagging_by_query: 0]
[feature_fraction: 0.8]
[feature_fraction_bynode: 1]
[feature_fraction_seed: 2]
[extra_trees: 0]
[extra_seed: 6]
[early_stopping_round: 0]
[early_stopping_min_delta: 0]
[first_metric_only: 0]
[max_delta_step: 0]
[lambda_l1: 0.1]
[lambda_l2: 0.1]
[linear_lambda: 0]
[min_gain_to_split: 0.01]
[drop_rate: 0.1]
[max_drop: 50]
[skip_drop: 0.5]
[xgboost_dart_mode: 0]
[uniform_drop: 0]
[drop_seed: 4]
[top_rate: 0.2]
[other_rate: 0.1]
[min_data_per_group: 100]
[max_cat_threshold: 32]
[cat_l2: 10]
[cat_smooth: 10]
[max_cat_to_onehot: 4]
[top_k: 20]
[monotone_constraints: ]
[monotone_constraints_method: basic]
[monotone_penalty: 0]
[feature_contri: ]
[forcedsplits_filename: ]
[refit_decay_rate: 0.9]
[cegb_tradeoff: 1]
[cegb_penalty_split: 0]
[cegb_penalty_feature_lazy: ]
[cegb_penalty_feature_coupled: ]
[path_smooth: 0]
[interaction_constraints: ]
[verbosity: 1]
[saved_feature_importance_type: 0]
[use_quantized_grad: 0]
[num_grad_quant_bins: 4]
[quant_train_renew_leaf: 0]
[stochastic_rounding: 1]
[linear_tree: 0]
[max_bin: 255]
[max_bin_by_feature: ]
[min_data_in_bin: 3]
[bin_construct_sample_cnt: 200000]
[data_random_seed: 1]
[is_enable_sparse: 1]
[enable_bundle: 1]
[use_missing: 1]
[zero_as_missing: 0]
[feature_pre_filter: 1]
[pre_partition: 0]
[two_round: 0]
[header: 0]
[label_column: ]
[weight_column: ]
[group_column: ]
[ignore_column: ]
[categorical_feature: ]
[forcedbins_filename: ]
[precise_float_parser: 0]
[parser_config_file: ]
[objective_seed: 5]
[num_class: 1]
[is_unbalance: 0]
[scale_pos_weight: 1]
[sigmoid: 1]
[boost_from_average: 1]
[reg_sqrt: 0]
[alpha: 0.9]
[fair_c: 1]
[poisson_max_delta_step: 0.7]
[tweedie_variance_power: 1.5]
[lambdarank_truncation_level: 30]
[lambdarank_norm: 1]
[label_gain: ]
[lambdarank_position_bias_regularization: 0]
[eval_at: 1,3,5,10]
[multi_error_top_k: 1]
[auc_mu_weights: ]
[num_machines: 1]
[local_listen_port: 12400]
[time_out: 120]
[machine_list_filename: ]
[machines: ]
[gpu_platform_id: -1]
[gpu_device_id: -1]
[gpu_use_dp: 0]
[num_gpu: 1]

end of parameters

pandas_categorical:null
